Wavelength (nm),SMM $e^{Az}M_{03}$,SMM ($\log_{10}(T_R/T_L)$),LDLB
200.0,46.311435085015844,46.29431901099032,64.4004920391641
201.0,56.28874697100057,56.261672507099256,69.45630121739714
202.0,68.92212645119025,68.87957300875402,74.98060559164078
203.0,84.39232868580692,84.32590498510979,81.03070775503775
204.0,102.6761487461756,102.57130717030434,87.67377621473246
205.0,123.44141654285222,123.27107404698144,94.98903815847112
206.0,145.98513082844414,145.70068065558726,103.07219585443538
207.0,169.27227305776987,168.79623462372024,112.04067286463246
208.0,192.10279389754604,191.33053719539197,122.03538677230362
209.0,213.36803145377831,212.18325233304913,133.21548246449564
210.0,232.30175147850034,230.60062033178951,145.7486487811075
211.0,248.63206408648722,246.34262767578437,159.80657235969824
212.0,262.59278201229415,259.67855803561037,175.57368746145033
213.0,274.80975340010946,271.25741207056245,193.26380593374105
214.0,286.10889496753174,281.9090769950815,213.12283815318324
214.99999999999997,297.3027494037946,292.4343306486377,235.39473686096642
216.0,309.0135483444719,303.4371099360933,260.25172889268094
217.0,321.5809737599053,315.24168462917123,287.7249601751814
218.0,335.0740285965462,327.9105507739569,317.6857888964358
219.0,349.38299652334535,341.33821158912997,349.8988759899708
220.0,364.32994006446677,355.36102602781114,384.10943014648046
221.0,379.728766401166,369.81719633347916,420.08398637759575
222.0,395.3604587729065,384.5243717204796,457.54007165801397
223.0,410.89216948323667,399.201702029994,495.9761749639184
224.0,425.82102450715774,413.4115010785249,534.4990745890777
225.0,439.52394254628416,426.59635387532524,571.7751079385853
226.0,451.43625100941154,438.2353861270568,606.1780838928967
227.00000000000003,461.29975861165946,448.0703664782454,636.1016428753849
228.0,469.36886981698996,456.3037309244131,660.3147282879423
229.0,476.4767509705281,463.6767202585805,678.2195635089558
230.00000000000003,483.93395869028313,471.3933698236178,689.9278370375125
231.0,493.3114157929997,480.9286707308757,696.1596533994789
232.0,506.1984177440854,493.8019498420682,698.0357127431066
233.0,524.0105937257532,511.38961556464625,696.8488113528372
234.0,547.8765432553649,534.8109569724795,693.8765384013461
235.0,578.5892348926433,564.8782929672649,690.2603691963672
236.0,616.5879497403511,602.0795268208385,686.9480338452393
236.99999999999997,661.9382679597825,646.5594062884687,684.6823832190403
238.0,714.2920301375275,698.0773912405629,684.0176492294364
239.0,772.8276868667183,755.936864390271,685.3473242030575
239.99999999999997,836.1889174858334,818.898578516707,688.9328535920295
241.0,902.452601681635,885.109323168922,694.9271925312447
242.0,969.1623207056754,952.0917793292323,703.391496876921
243.0,1033.4561969562635,1016.8456348493719,714.3064139084909
243.99999999999997,1092.2964510846361,1076.092437203452,727.5809762095826
245.0,1142.777356478242,1126.6521845335299,743.0615130384363
246.00000000000003,1182.458991220627,1165.8800088178775,760.5405917822816
247.00000000000003,1209.6576170903722,1192.0466914630774,779.7631203876995
247.99999999999997,1223.626528417393,1204.5488698505515,800.4253222094819
249.00000000000003,1224.5850394855504,1203.8908165712814,822.1639140675185
249.99999999999997,1213.5929635812886,1191.4619654680403,844.5374708062519
251.0,1192.3106725675673,1169.1989935441766,867.0074323876657
252.0,1162.7127586393806,1139.2391818589667,888.9290009401848
253.0,1126.8239319411175,1103.64478387464,909.5597460274104
254.0,1086.5213207010702,1064.2301837753535,928.0864107259052
255.0,1043.4131039387103,1022.4809078741126,943.6614633050649
256.0,998.7768698405088,979.5308864004695,955.4350408230188
257.0,953.5319501580153,936.1634458604935,962.5689459007635
258.0,908.2271916019488,892.8154754566317,964.2280945266716
259.0,863.0403574635087,849.5825620218399,959.5576104017275
260.0,817.7968404226418,806.2356827261317,947.6636708039562
261.0,772.0169611849085,762.2618465176616,927.6172546607003
262.0,724.9933723731372,716.9330952594319,898.4914765117129
263.0,675.8890101382219,669.3967239458966,859.4302473701106
264.0,623.8385223012453,618.7713748893622,809.7353542292657
265.0,568.0360998099335,564.2328210099332,748.9548556803059
266.0,507.7999192063186,505.0796889150726,676.9581588393771
267.0,442.6140129303088,440.77930527468465,593.9895899334572
268.0,372.15609944772524,371.001170800917,500.698449828931
269.0,296.3193811051858,295.6448596960439,398.14529042955303
270.0,215.22740848273165,214.86006365558598,287.78041532081363
271.0,129.2308235427832,129.04602122540825,171.3860028867398
272.0,38.873416263456555,38.81631626591264,50.97592043011515
273.0,-55.172176349041024,-55.07124909610595,-71.338261313796
274.0,-152.17714920768577,-151.79701237650414,-193.48583314284176
275.0,-251.39935505491908,-250.53417587414833,-313.53772621378397
276.0,-352.06034307883493,-350.4386599499296,-429.7338001778938
277.0,-453.24420788107636,-450.5616014643523,-540.428048842557
278.0,-553.7410640195444,-549.7077954113518,-643.9785043019835
279.0,-651.8892860893087,-646.2930357450562,-738.6352905068927
280.0,-745.4845649556519,-738.2632096673722,-822.4863564504213
281.0,-831.8135409617314,-823.1234616367069,-893.5036366236035
282.0,-907.8364806135099,-898.0918110767235,-949.6988569541094
283.0,-970.4965012887913,-960.3510324551014,-989.3592237391298
284.0,-1017.0885472806182,-1007.3413848125664,-1011.3023035541755
285.0,-1045.5978999049714,-1037.0272116377491,-1015.0784762536043
286.0,-1054.9264961246681,-1048.0847205118866,-1001.063617712398
287.0,-1044.9621380240537,-1039.9874691155399,-970.4187271274594
288.0,-1016.4937341130723,-1012.995974041259,-924.9326867442737
289.0,-971.014644666569,-968.0771649410713,-866.7934343565543
289.99999999999994,-910.4736933563684,-906.7847079174319,-798.3426232688059
291.0,-837.0294656989131,-831.1259686636946,-721.8604752443678
292.0,-752.8465018648991,-743.4316064045105,-639.408997389047
293.0,-659.9517330782152,-646.2343931584744,-552.7420421400395
294.0,-560.1527340397491,-542.1574189120987,-463.2757095641284
295.0,-455.00872035943024,-433.80916418073576,-372.10418479032853
296.0,-345.8403910302873,-323.68370594884493,-280.04342522440965
297.0,-233.763951199378,-214.06741255657178,-187.68631383002295
298.0,-119.73601056911856,-106.9570327410306,-95.45624950250146
299.0,-4.598195557063123,-3.9961987881556698,-3.650477619817667
300.0,110.88721374277314,93.56304215148656,87.53088602726649
301.0,226.01626822229983,184.86982019933095,177.9696299843909
302.0,340.1386219595844,269.4553141093185,267.62353737540445
303.0,452.66599141494544,347.1889340206886,356.5226239362578
304.0,563.0861723118003,418.216610376557,444.75974032170154
305.0,670.9723363183514,482.8892666007766,532.4696215292411
306.0,775.9780094292346,541.6895001445963,619.7944603149646
307.0,877.8125120803123,595.1634988660733,706.8390556985976
307.99999999999994,976.1986618834418,643.8636765253412,793.6230367387454
309.0,1070.822104115277,688.3057030478345,880.0403211361698
310.0,1161.287340503804,728.9416890352345,965.8361680932503
311.0,1247.0972786770635,766.1493646162531,1050.60982024343
312.0,1327.6695297969056,800.235300471741,1133.8460698072574
313.0,1402.3935249290948,831.4487321441558,1214.9727373197109
314.0,1470.7194462120706,860.0015455885189,1293.434144171793
315.0,1532.2568563032678,886.0895675724095,1368.764953360541
316.0,1586.8530390500791,909.9104895225167,1440.646308215402
317.0,1634.6227798198502,931.6745074537589,1508.9285219123174
318.0,1675.9133303283622,951.6050724196244,1573.6116646315802
319.0,1711.2067222989879,969.9289868234471,1634.785436689388
320.0,1740.9797529874284,986.8572666759258,1692.5397300396908
321.0,1765.5539343179155,1002.5602707212744,1746.8644565409445
322.0,1784.9708594787623,1017.1419545627856,1797.560009532612
323.0,1798.9235330175636,1030.6182488780541,1844.1780724642542
324.0,1806.7634776975824,1042.903439892613,1886.0072815863189
325.0,1807.588887090954,1053.806545179692,1922.1105868519858
326.0,1800.402328647388,1063.0378422358267,1951.412034803145
327.0,1784.3098611757262,1070.2246221994747,1972.821243068995
328.0,1758.7210153125254,1074.935118702133,1985.3756701602229
329.0,1723.50596388682,1076.7100183469122,1988.37599817355
330.0,1679.075587710517,1075.101233743029,1981.4904049928866
331.0,1626.3703490917956,1069.71700135658,1964.809777942912
332.0,1566.7679221303354,1060.2706157314562,1938.8465851527399
333.0,1501.9383064507172,1046.627676535588,1904.482041436791
334.0,1433.6823995511388,1028.844631338363,1862.875820076902
335.0,1363.7852886293788,1007.1908292424528,1815.3574055608374
336.0,1293.9034526891664,982.1480249101311,1763.3177645683286
337.0,1225.4918699380862,954.3851770193171,1708.1156421315382
338.0,1159.7672653646136,924.7114045481212,1651.006648965778
339.0,1097.6989696529781,894.0144871881507,1593.097424454462
340.0,1040.0182463218748,863.1948697765744,1535.3227947183125
341.0,987.2386239954101,833.1050830963078,1478.4413815447792
342.0,939.682055213886,804.502143318615,1423.044314773982
343.0,897.5076219197613,778.0168778290187,1369.5720329945573
344.0,860.7407209893788,754.1404675576366,1318.3350842674379
345.0,829.3013129450543,733.2257155579517,1269.5359443861764
346.0,803.0301610214295,715.4990434030316,1223.2898994372215
347.0,781.7122377437751,701.0788997006151,1179.6438724909985
348.0,765.0967357110502,689.996782520706,1138.5926828940776
349.0,752.9134011029139,682.2180115452696,1100.0926325849898
350.0,744.8851801250404,677.6603961448383,1064.0725590997624
351.0,740.7373923478012,676.2098226704546,1030.4426240044404
352.0,740.2037984301537,677.7324390227526,999.1011569523827
353.0,743.0300104148527,682.0835413919716,969.9398791997228
354.0,748.9747124979084,689.1135053812461,942.8478074437759
355.0,757.8091375215023,698.6712044847251,917.7141034172998
356.0,769.315198612691,710.6053734348324,894.4300956026439
357.0,783.282622446208,724.7643424010402,872.8906618130766
358.0,799.5053821553918,740.9945189293602,852.9951278211075
359.0,817.7776910186166,759.1379460659002,834.6478086795192
360.0,837.8897958954085,779.0292275770942,817.758295837797
361.0,859.6238018496579,800.4920889410367,802.2415738961363
362.0,882.7497635768764,823.3358359291225,788.018034710184
363.0,907.0222897510155,847.3519778696655,775.0134421380264
364.0,932.1779158515855,872.3112942676503,763.1588865136995
365.0,957.9335006868716,897.9616335518817,752.390752672767
366.0,983.985883128726,924.0267327718168,742.6507084298775
367.0,1010.0129918980527,950.2063290790663,733.8857023045316
368.0,1035.6765302431643,976.1777922429542,726.0479419249033
369.0,1060.6262624298693,1001.5994403988497,719.0948111437609
370.0,1084.5058193542866,1026.115610912194,712.9886782957425
371.0,1106.9598292413675,1049.3634497719413,707.6965532682958
372.0,1127.642079227339,1070.9812623202736,703.1895679286945
373.0,1146.224333750985,1090.618140740372,699.4422804952696
374.0,1162.4053797223387,1107.9444547608498,696.4318342778274
375.0,1175.9198358643785,1122.6626691744882,694.1370281862016
376.0,1186.5462534934513,1134.517848587693,692.537374945785
377.0,1194.1140502940307,1143.3071466904514,691.6122304635841
378.0,1198.5088628332662,1148.8875777661774,691.3400750785706
379.0,1199.675983602816,1151.1814507032007,691.6980176245224
380.0,1197.62166562402,1150.1790147937004,692.6615797026524
381.0,1192.4122246504267,1145.938106392803,694.204802054036
382.0,1184.1710285892225,1138.5808610313743,696.3006967052806
383.0,1173.0736122368974,1128.287820279601,698.9220449032711
384.0,1159.3412688352407,1115.289970772063,702.0425086651462
385.0,1143.2335312157456,1099.8593717370093,705.6379818406238
386.0,1125.0399597445683,1082.2990461720046,709.6880577015099
387.0,1105.0716114264212,1062.9327419265883,714.1774421141494
388.0,1083.652495352065,1042.095043204445,719.0971065350732
389.0,1061.1112495153343,1020.1221691639403,724.444966976582
390.0,1037.773223816453,997.3436692670772,730.2259039122985
391.0,1013.9531326767174,974.0751358492812,736.4510057862764
392.0,989.9484424102384,950.6120062624819,743.1360163993218
393.0,966.0336663583978,927.2245076714948,750.2990754860489
394.0,942.4557351688115,904.1537877888032,757.9579397503279
395.0,919.4305774046115,881.6092575390145,766.1269394853233
396.0,897.1409862750955,859.7671393952231,774.8139543616796
397.0,875.7357732700406,838.7701716072322,784.0176834961562
398.0,855.3301370561873,818.7283749377218,793.7254510535603
399.0,836.0071232049216,799.7207572189658,803.9117441111792
400.0,817.8200265643769,781.7978196597348,814.5376359699717
401.0,800.795592291614,764.9847370961003,825.5512098918065
402.0,784.9378931517651,749.2851042774912,836.8890614507287
403.0,770.2327833053002,734.6851588007522,848.478912188636
404.0,756.6528352015827,721.1583945308115,860.2433010377717
405.0,744.1626433780433,708.670456898217,872.1042244761032
406.0,732.724322550541,697.1841603513838,883.988471827159
407.0,722.302944666283,686.6643954991342,895.833261178007
408.0,712.8715700154629,677.0826164575384,907.5916497276019
409.0,704.4154594727129,668.4205423854544,919.2371045805733
410.0,696.935038551155,660.6726969761351,930.7666106983215
411.0,690.4472408935492,653.8474640480005,942.201784745108
412.0,684.9849928583077,647.9664591198032,953.5876572261291
413.0,680.5947932739222,643.06218958252,964.9890537200401
414.0,677.3325556134298,639.1741674149569,976.4847998494411
415.0,675.2580687109843,636.3438096638355,988.1602358690599
416.0,674.4285592071552,634.6085807551875,1000.0987063107488
417.0,674.8918865007703,633.9958813038468,1012.3727625082923
418.0,676.6798755629319,634.517174727807,1025.0357848090005
419.0,679.8022202450463,636.1627858665896,1038.114625147056
420.0,684.2413034938241,638.8977315662228,1051.603729974715
421.0,689.948210697336,642.6588742843774,1065.461066981901
422.0,696.8401743214404,647.3536368471676,1079.6060722909892
423.0,704.7996809945577,652.8604758477396,1093.9197654232098
424.0,713.6754794742235,659.0312672633194,1108.2471373084995
424.99999999999994,723.2857221323419,665.6956895863091,1122.4018793796427
426.0,733.4234230364372,672.667578628344,1136.1734615097982
427.00000000000006,743.8642965594415,679.7530663065804,1149.3364582947963
428.0,754.376839062894,686.7601117580723,1161.6618529989335
429.0,764.7342404000891,693.5088138895147,1172.9298202308164
429.99999999999994,774.7273944733854,699.8417013202427,1182.9432278159786
431.0,784.1779753805016,705.6330753670202,1191.540852174554
432.0,792.950329328556,710.796473638647,1198.6091302709442
433.0,800.9608722678609,715.2894455447909,1204.0912348841068
434.0,808.1838255383936,719.115078553023,1207.992399844765
435.0,814.6524703244576,722.3200497436026,1210.380743813809
436.0,820.4556082244259,724.9893461420766,1211.3833070458347
437.0,825.7294875105881,727.2381387470676,1211.177548361793
438.0,830.6459802890419,729.2015572048398,1209.9790517892127
439.0,835.3981745927522,731.0232626094343,1208.026572559182
440.0,840.1847179593889,732.8437473999307,1205.5657497768784
441.0,845.1942103553238,734.7892190726427,1202.83281273052
442.0,850.5907391942069,736.9617795531132,1200.0394387961226
443.00000000000006,856.5013526412029,739.4314320316586,1197.359643722737
444.0,863.0059593496676,742.230266022472,1194.9192712526435
445.0,870.1298869147518,745.3490130951486,1192.7883618634226
446.0,877.8391630381286,748.7360399280909,1190.9764622374025
447.0,886.0385080713953,752.2987485830927,1189.4308045562261
448.0,894.5720261717182,755.9072735903953,1188.0372312529737
449.0,903.2266202129899,759.4002860900034,1186.6237428851837
450.0,911.7381919490747,762.5926251222226,1184.9665716452005
451.0,919.8006842113205,765.2843722579497,1182.7986963154615
452.0,927.0779445268453,767.2708763920988,1179.8206864943693
453.0,933.2182214342319,768.353138813383,1175.7136750307714
454.00000000000006,937.8708470698438,768.3479077569949,1170.154102699085
455.0,940.7043371799405,767.0968275387922,1162.8296707174375
456.0,941.4248028490607,764.474051643963,1153.4557055305793
457.0,939.7932883184502,760.3918591665057,1141.7909323011077
458.0,935.6405063725309,754.8039925371868,1127.6515221668144
459.0,928.8775054139869,747.7066340704281,1110.922272354922
460.00000000000006,919.5011041503957,739.1371294751343,1091.5639281324677
461.0,907.593451250273,729.1707234766384,1069.615961723674
462.0,893.3157315648492,717.9156822450865,1045.194551236946
463.0,876.896728166095,705.507237451602,1018.4859876526874
464.0,858.617529272057,692.1008043818788,989.7361993857676
465.00000000000006,838.7940343801523,677.8649123379242,959.237444777625
466.0,817.7590108265221,662.9742493720097,927.3134283007067
467.0,795.8452900634971,647.6031716333999,894.3041255421585
468.0,773.3713352778045,631.9199634851572,860.5514701203136
469.0,750.6299511873779,616.0820599974901,826.3868052419216
470.0,727.8804375306466,600.2323613927604,792.1206902435351
471.0,705.3440844053824,584.4966845790326,758.0353342590606
472.0,683.2026138047232,568.9823170808212,724.3796495522448
473.0,661.5989997570281,553.7775708015018,691.366703257403
473.99999999999994,640.6400378156425,538.9521830610504,659.1732080095458
475.00000000000006,620.400057804665,524.558383317364,627.9406249712397
476.0,600.9252518579649,510.6324356947828,597.7774440201085
477.0,582.238195375524,497.19647685497785,568.7622385694552
478.0,564.3422500893647,484.26049104241105,540.9471500680527
479.0,547.2256415650256,471.8242939149204,514.3615256897597
479.99999999999994,530.8650902211741,459.87942907436906,489.01550174627107
481.0,515.228942423646,448.41091218758044,464.9033882701993
482.0,500.2797968340351,437.3987846608561,442.0067634779163
483.0,485.97665337083885,426.8194607144566,420.297229217
484.0,472.27663108795366,416.64686809552575,399.7388103662333
484.99999999999994,459.1363102861937,406.8533939399829,380.29000370489695
486.0,446.51275624415246,397.41065423198825,361.9054966120463
487.0,434.3642795138875,388.29010881174224,344.53758476706844
487.99999999999994,422.6509826721648,379.463544867004,328.13732233936025
489.00000000000006,411.3351371109854,370.90345110686883,312.6554392900686
490.0,400.3814267984808,362.58330299180756,298.04305941879045
491.0,389.7570895535337,354.4777769991407,284.25225048360085
492.00000000000006,379.4319805633565,346.5629092694729,271.23643470124813
493.00000000000006,369.3785778042096,338.81621135742733,258.95068461387785
494.00000000000006,359.5719447380795,331.2167533407681,247.35192597241036
495.00000000000006,349.9896621250114,323.7452223102937,236.39906611117968
495.99999999999994,340.611737941944,316.38396230394477,226.05306337532517
496.99999999999994,331.42050214958556,309.11700007368574,216.27695056156824
498.00000000000006,322.40049130102676,301.93005966920765,207.03582305769422
498.99999999999994,313.5383266583973,294.8105676784502,198.29680040732117
499.99999999999994,304.822588485955,287.747650051401,190.02896836339448
501.00000000000006,296.24368845979063,280.73212074090003,182.2033070961972
502.0,287.7937415990039,273.7564618863558,174.79261005913264
503.0,279.4664387517549,266.81479494518345,167.77139705626766
504.0,271.2569203961748,259.90284200148034,161.11582426988392
505.00000000000006,263.16165233351876,253.01787645760382,154.80359336783573
506.0,255.17830371480377,246.15866240580436,148.81386129435745
506.99999999999994,247.30562774878854,239.32538217968184,143.12715193447016
508.0,239.5433453687132,232.5195518699543,137.72527051210676
509.0,231.89203208309058,225.74392493940525,132.5912213215915
510.0,224.35300819630874,219.00238446221206,127.70912918719554
511.0,216.92823256020245,212.299824923551,123.06416488663939
512.0,209.62019999859578,205.6420249139985,118.64247465176658
513.0,202.43184254301573,199.03551242543494,114.43111376667731
514.0,195.36643462302646,192.48742477348983,110.41798421419392
515.0,188.42750237004844,186.00536541961247,106.59177627044193
516.0,181.618737217467,179.5972601296899,102.94191391141428
517.0,174.94391401090508,173.27121497727427,99.45850387051252
518.0,168.40681387408912,167.0353786724055,96.13228817051984
519.0,162.01115210925795,160.89781157918915,92.95459994467119
520.0,155.76051143318298,154.8663635749545,89.91732235789945
521.0,149.65828086929932,148.94856262827437,87.0128504398718
522.0,143.70760061284054,143.15151562891882,84.23405564481122
523.0,137.91131317187345,137.48182262712825,81.57425295846373
524.0,132.2719210521751,131.94550523957335,79.0271703796784
525.0,126.79155119673328,126.5479495758419,76.58692061191392
526.0,121.47192632073063,121.29386365550722,74.24797480845012
527.0,116.3143431933111,116.18724892926775,72.00513822402041
528.0,111.31965781905768,111.23138520609402,69.85352763431624
529.0,106.48827736481111,106.42882802571653,67.78855039369563
530.0,101.82015857158703,101.78141731277202,65.80588500995852
531.0,97.3148122855259,97.29029599969627,63.90146312331495
532.0,92.9713136491953,92.95593721757788,62.07145278462156
533.0,88.78831740857822,88.77817861265498,60.31224293544313
534.0,84.76407773087371,84.7562623611256,58.6204289996074
535.0,80.89647187498544,80.88887949831609,56.99279950265875
536.0,77.18302703353324,77.17421726499627,55.426323641775966
537.0,73.62094965531274,73.6100082782283,53.918139734674014
538.0,70.2071565672197,70.19358045748383,52.46554448139977
539.0,66.93830724383419,66.92190677250635,51.06598297797825
540.0,63.81083661246186,63.79165401568262,49.71703942564694
541.0,60.82098783514505,60.799229939075325,48.41642848365815
542.0,57.96484457135612,57.94082822900832,47.16198721773351
543.0,55.238362289244044,55.21247091181817,45.95166759994454
544.0,52.63739826547382,52.61004789959342,44.783529519217005
545.0,50.157739979889506,50.12935348267254,43.655734264840206
546.0,47.79513168004571,47.76611966481442,42.56653844827209
547.0,45.545298953173734,45.51604631125647,41.51428833121237
548.0,43.40397120014922,43.374828141399405,40.49741453041008
549.0,41.366901959150304,41.33817864959581,39.514427071934165
550.0,39.42988707055959,39.40185107568399,38.56391076974481
551.0,37.588780713429614,37.561656577338624,37.64452090533711
552.0,35.83950937609271,35.81347977787479,36.75497918699675
553.0,34.178083847884,34.153291876238214,35.89406996885086
554.0,32.600609338628466,32.57716151351434,35.06063671138827
555.0,31.103293846661536,31.0812635930966,34.25357866656289
556.0,29.682454905027996,29.66188624910178,33.471847771768914
557.0,28.3345248410805,28.315436153225296,32.71444573826804
558.0,27.056054686016207,27.038442342086213,31.980421320636264
559.0,25.843716868767142,25.827558736783224,31.268867754850753
560.0,24.694306827742317,24.679565518094766,30.578920353531153
561.0,23.60474366514617,23.59136950611049,29.90975424769887
562.0,22.572069964624514,22.560003683217403,29.26058226520656
563.0,21.59345088493422,21.582625987599126,28.630652936678608
564.0,20.666172632926948,20.6565174907172,28.019248620524408
565.0,19.787640412199615,19.779080062729186,27.425683739140652
566.0,18.955375934871356,18.94783361833972,26.84930311898737
567.0,18.167014575492363,18.1604130252816,26.289480427811597
568.0,17.420302237601952,17.414564747688374,25.745616702665227
569.0,16.71309199624485,16.708143288232996,25.217138962913527
570.0,16.043340573372085,16.039107485867362,24.703498902759495
571.0,15.409104692905753,15.405516714942411,24.20417165824905
572.0,14.808537360746202,14.805527029963448,23.718654644031574
573.0,14.239884104881357,14.237387289598576,23.246466455505146
574.0,13.701479207824143,13.699435290496359,22.78714583225084
575.0,13.191741958807045,13.190093936745976,22.340250678964505
576.0,12.709172947558159,12.70786746513935,21.90535714032949
577.0,12.252350418635732,12.25133774348889,21.482058726537588
578.0,11.81992670198945,11.819160656242556,21.069965486359866
579.0,11.410624732403106,11.41006258858969,20.668703224898067
579.9999999999999,11.023234666602656,11.022837016445605,20.277912763318056
581.0,10.65661060603366,10.65634120923597,19.897249238078054
582.0,10.309667432095623,10.309493051022887,19.526381437273212
583.0,9.981377754542274,9.981267979987804,19.16499117193533
584.0,9.670768978962618,9.670696050963372,18.81277268020994
585.0,9.376920491578073,9.376859118816643,18.469432062514986
586.0,9.098960963079975,9.098888143656682,18.134686745869466
587.0,8.836065769885705,8.835960615549189,17.808264975720565
588.0,8.587454531226438,8.587298096907835,17.489905333684774
589.0,8.352388760584756,8.352163880434619,17.17935627973919
590.0,8.130169628268584,8.129860759242034,16.876375717472655
591.0,7.9201358315753,7.919728905209514,16.580730581093427
592.0,7.7216615708965275,7.721143853625465,16.292196442995447
593.0,7.534154626514186,7.533514588878271,16.010557140720604
594.0,7.35705453347441,7.356281728166264,15.735604422256825
594.9999999999999,7.189830850310582,7.18891579908793,15.467137608662211
596.0,7.03198151783512,7.030915607055641,15.204963273067388
597.0,6.883031304801928,6.881806689343375,14.94889493517382
598.0,6.742530335414185,6.741139850732552,14.698752770397753
599.0,6.6100526961721595,6.608489778025576,14.454363332891806
600.0,6.485195117499114,6.483453729062187,14.21555929169215
