Wavelength (nm),Exp. CD
650.0,-0.0814199
649.8,-0.156969
649.6,-0.166535
649.4,-0.126839
649.2,-0.014305099999999998
649.0,0.109076
648.8,0.0787675
648.6,0.0804961
648.4,0.0785887
648.2,0.061392800000000004
648.0,-0.0124872
647.8,-0.0804067
647.6,-0.148088
647.4,-0.194639
647.2,-0.268966
647.0,-0.371814
646.8,-0.44259399999999993
646.6,-0.391841
646.4,-0.341624
646.2,-0.345737
646.0,-0.363737
645.8,-0.362933
645.6,-0.382006
645.4,-0.324577
645.2,-0.312209
645.0,-0.26983
644.8,-0.279069
644.6,-0.222623
644.4,-0.258893
644.2,-0.23427599999999998
644.0,-0.228524
643.8,-0.107199
643.6,0.10103
643.4,0.260204
643.2,0.301212
643.0,0.274092
642.8,0.246078
642.6,0.255615
642.4,0.267118
642.2,0.306755
642.0,0.391066
641.8,0.488788
641.6,0.526935
641.4,0.56234
641.2,0.592709
641.0,0.711054
640.8,0.820667
640.6,0.880212
640.4,0.824928
640.2,0.708818
640.0,0.689536
639.8,0.761479
639.6,0.824898
639.4,0.816941
639.2,0.754565
639.0,0.664413
638.8,0.620902
638.6,0.592291
638.4,0.574499
638.2,0.55635
638.0,0.580668
637.8,0.614434
637.6,0.621647
637.4,0.537336
637.2,0.510663
637.0,0.563562
636.8,0.638992
636.6,0.576943
636.4,0.49576200000000004
636.2,0.47388700000000006
636.0,0.461102
635.8,0.527054
635.6,0.604272
635.4,0.599146
635.2,0.566274
635.0,0.49388399999999993
634.8,0.407875
634.6,0.276178
634.4,0.230283
634.2,0.19452
634.0,0.168711
633.8,0.193536
633.6,0.22655700000000004
633.4,0.251859
633.2,0.463486
633.0,0.666857
632.8,0.726819
632.6,0.883281
632.4,0.963211
632.2,1.01653
632.0,1.12537
631.8,1.21057
631.6,1.3372
631.4,1.44121
631.2,1.50138
631.0,1.53685
630.8,1.53005
630.6,1.51566
630.4,1.42753
630.2,1.36322
630.0,1.25581
629.8,1.04624
629.6,0.894308
629.4,0.856727
629.2,0.764221
629.0,0.695586
628.8,0.714123
628.6,0.657439
628.4,0.548154
628.2,0.37986
628.0,0.226825
627.8,0.220388
627.6,0.253558
627.4,0.308514
627.2,0.309318
627.0,0.41011
626.8,0.45216100000000004
626.6,0.503123
626.4,0.564218
626.2,0.544518
626.0,0.498414
625.8,0.495106
625.6,0.524819
625.4,0.469953
625.2,0.45883699999999994
625.0,0.511318
624.8,0.65729
624.6,0.899285
624.4,1.0623
624.2,1.10212
624.0,1.08376
623.8,1.17305
623.6,1.21742
623.4,1.29423
623.2,1.36262
623.0,1.45352
622.8,1.53908
622.6,1.56602
622.4,1.51449
622.2,1.46276
622.0,1.49027
621.8,1.57592
621.6,1.65802
621.4,1.63811
621.2,1.55187
621.0,1.5071
620.8,1.40688
620.6,1.3569
620.4,1.28677
620.2,1.19668
620.0,1.01325
619.8,0.9142459999999999
619.6,0.805467
619.4,0.74482
619.2,0.788331
619.0,0.861943
618.8,0.856727
618.6,0.783771
618.4,0.637889
618.2,0.535309
618.0,0.498205
617.8,0.446081
617.6,0.381827
617.4,0.45329299999999995
617.2,0.547647
617.0,0.603259
616.8,0.646681
616.6,0.714123
616.4,0.771463
616.2,0.809759
616.0,0.83515
615.8,0.795305
615.6,0.775903
615.4,0.811875
615.2,0.832796
615.0,0.839382
614.8,0.844866
614.6,0.8891220000000001
614.4,0.9723009999999999
614.2,1.01724
614.0,1.04845
613.8,1.02112
613.6,1.03569
613.4,1.06204
613.2,1.09032
613.0,1.04624
612.8,0.956535
612.6,0.840425
612.4,0.798404
612.2,0.781864
612.0,0.78854
611.8,0.804514
611.6,0.858307
611.4,0.84728
611.2,0.865579
611.0,0.856847
610.8,0.8817019999999999
610.6,0.812262
610.4,0.833571
610.2,0.861228
610.0,0.79596
609.8,0.772357
609.6,0.792921
609.4,0.808477
609.2,0.884324
609.0,0.861377
608.8,0.804961
608.6,0.722051
608.4,0.69052
608.2,0.642717
608.0,0.637025
607.8,0.535339
607.6,0.431597
607.4,0.280648
607.2,0.143111
607.0,0.0217259
606.8,-0.0685155
606.6,-0.0697076
606.4,-0.0334084
606.2,-0.0256002
606.0,0.0424683
605.8,0.0599027
605.6,0.134587
605.4,0.247121
605.2,0.356585
605.0,0.387728
604.8,0.36478
604.6,0.339329
604.4,0.402302
604.2,0.46521399999999996
604.0,0.532597
603.8,0.635445
603.6,0.690669
603.4,0.668734
603.2,0.646263
603.0,0.603855
602.8,0.581473
602.6,0.608027
602.4,0.615358
602.2,0.574291
602.0,0.555307
601.8,0.48688100000000006
601.6,0.4404489999999999
601.4,0.489891
601.2,0.508785
601.0,0.47087699999999993
600.8,0.48953299999999994
600.6,0.516087
600.4,0.48610600000000004
600.2,0.441909
600.0,0.459254
599.8,0.441015
599.6,0.394553
599.4,0.397056
599.2,0.332028
599.0,0.307381
598.8,0.331223
598.6,0.302643
598.4,0.36478
598.2,0.4584790000000001
598.0,0.518531
597.8,0.48542
597.6,0.494301
597.4,0.475585
597.2,0.44772000000000006
597.0,0.451803
596.8,0.44265399999999994
596.6,0.406086
596.4,0.377297
596.2,0.343084
596.0,0.22461999999999996
595.8,0.136435
595.6,0.103772
595.4,0.0700951
595.2,0.0810325
595.0,0.0151396
594.8,-0.076741
594.6,-0.178307
594.4,-0.180066
594.2,-0.2231
594.0,-0.307888
593.8,-0.358373
593.6,-0.438541
593.4,-0.502378
593.2,-0.519246
593.0,-0.491977
592.8,-0.426531
592.6,-0.389665
592.4,-0.368536
592.2,-0.421226
592.0,-0.52911
591.8,-0.633627
591.6,-0.718027
591.4,-0.769854
591.2,-0.811726
591.0,-0.9038150000000001
590.8,-0.978112
590.6,-1.03396
590.4,-1.08659
590.2,-1.09261
590.0,-1.09527
589.8,-1.08725
589.6,-1.11821
589.4,-1.18691
589.2,-1.192
589.0,-1.18452
588.8,-1.22637
588.6,-1.2522
588.4,-1.29104
588.2,-1.33827
588.0,-1.41099
587.8,-1.52251
587.6,-1.54132
587.4,-1.49712
587.2,-1.44252
587.0,-1.44479
586.8,-1.42106
586.6,-1.37153
586.4,-1.34748
586.2,-1.28615
586.0,-1.16983
585.8,-1.10346
585.6,-1.0581
585.4,-0.9456280000000001
585.2,-0.85187
585.0,-0.72962
584.8,-0.604063
584.6,-0.544786
584.4,-0.469416
584.2,-0.44131299999999996
584.0,-0.43267
583.8,-0.418097
583.6,-0.333518
583.4,-0.284851
583.2,-0.313997
583.0,-0.318497
582.8,-0.364304
582.6,-0.457495
582.4,-0.519007
582.2,-0.557333
582.0,-0.606775
581.8,-0.670344
581.6,-0.74923
581.4,-0.798672
581.2,-0.801951
581.0,-0.806212
580.8,-0.777125
580.6,-0.7523
580.4,-0.738114
580.2,-0.842124
580.0,-0.967115
579.8,-0.9880360000000001
579.6,-1.02925
579.4,-1.07089
579.2,-1.15687
579.0,-1.26824
578.8,-1.36292
578.6,-1.43892
578.4,-1.44348
578.2,-1.47319
578.0,-1.50323
577.8,-1.59755
577.6,-1.67939
577.4,-1.74507
577.2,-1.79058
577.0,-1.90893
576.8,-1.9178400000000002
576.6,-1.9586699999999997
576.4,-2.03648
576.2,-2.11588
576.0,-2.25157
575.8,-2.33477
575.6,-2.37677
575.4,-2.42516
575.2,-2.51323
575.0,-2.65697
574.8,-2.75776
574.6,-2.88549
574.4,-2.89991
574.2,-2.90036
574.0,-2.91806
573.8,-2.9771
573.6,-2.96128
573.4,-3.01409
573.2,-3.05134
573.0,-3.08779
572.8,-3.13833
572.6,-3.15344
572.4,-3.11771
572.2,-3.08982
572.0,-3.05319
571.8,-3.03
571.6,-2.97329
571.4,-2.86967
571.2,-2.8033
571.0,-2.7788
570.8,-2.78196
570.6,-2.76598
570.4,-2.803
570.2,-2.8716
570.0,-2.93785
569.8,-2.95642
569.6,-3.00306
569.4,-3.07137
569.2,-3.12388
569.0,-3.16265
568.8,-3.17359
568.6,-3.17165
568.4,-3.16978
568.2,-3.19043
568.0,-3.30311
567.8,-3.37079
567.6,-3.42292
567.4,-3.44613
567.2,-3.48997
567.0,-3.4962
566.8,-3.5352700000000006
566.6,-3.5110100000000006
566.4,-3.43141
566.2,-3.34117
566.0,-3.25915
565.8,-3.17383
565.6,-3.15434
565.4,-3.20551
565.2,-3.31238
565.0,-3.34948
564.8,-3.38787
564.6,-3.36459
564.4,-3.3935
564.2,-3.46437
564.0,-3.57476
563.8,-3.66604
563.6,-3.7346199999999996
563.4,-3.7336099999999997
563.2,-3.7630799999999995
563.0,-3.8153199999999994
562.8,-3.8679800000000006
562.6,-3.9018399999999995
562.4,-3.9941100000000005
562.2,-4.05622
562.0,-4.14065
561.8,-4.20076
561.6,-4.28843
561.4,-4.38383
561.2,-4.47735
561.0,-4.53398
560.8,-4.54289
560.6,-4.57823
560.4,-4.64594
560.2,-4.72128
560.0,-4.76527
559.8,-4.75249
559.6,-4.80607
559.4,-4.84312
559.2,-4.89163
559.0,-4.93714
558.8,-4.9887
558.6,-4.96948
558.4,-4.95547
558.2,-4.97407
558.0,-4.95344
557.8,-4.94632
557.6,-4.95765
557.4,-5.01001
557.2,-4.97177
557.0,-4.87623
556.8,-4.80887
556.6,-4.82678
556.4,-4.9006
556.2,-4.93917
556.0,-5.02405
555.8,-5.09658
555.6,-5.10675
555.4,-5.12242
555.2,-5.17142
555.0,-5.2309
554.8,-5.30157
554.6,-5.3843
554.4,-5.48923
554.2,-5.56922
554.0,-5.6574
553.8,-5.74273
553.6,-5.82319
553.4,-5.86855
553.2,-5.86063
553.0,-5.885
552.8,-5.9486
552.6,-6.01992
552.4,-6.14434
552.2,-6.21924
552.0,-6.25384
551.8,-6.30081
551.6,-6.33839
551.4,-6.33356
551.2,-6.3678
551.0,-6.38753
550.8,-6.39248
550.6,-6.36688
550.4,-6.37192
550.2,-6.47029
550.0,-6.5918
549.8,-6.72069
549.6,-6.85194
549.4,-6.93184
549.2,-6.97845
549.0,-6.90836
548.8,-6.91283
548.6,-6.99773
548.4,-7.06899
548.2,-7.130150000000001
548.0,-7.209569999999999
547.8,-7.23243
547.6,-7.246289999999999
547.4,-7.308270000000001
547.2,-7.4234
547.0,-7.577750000000001
546.8,-7.63512
546.6,-7.70214
546.4,-7.745150000000001
546.2,-7.763559999999999
546.0,-7.80004
545.8,-7.8196200000000005
545.6,-7.91192
545.4,-7.99015
545.2,-8.02714
545.0,-8.10137
544.8,-8.16357
544.6,-8.23352
544.4,-8.32182
544.2,-8.44637
544.0,-8.60161
543.8,-8.66073
543.6,-8.67075
543.4,-8.72079
543.2,-8.72779
543.0,-8.75998
542.8,-8.79809
542.6,-8.8726
542.4,-8.97935
542.2,-9.00582
542.0,-9.03958
541.8,-9.07171
541.6,-9.05722
541.4,-9.08992
541.2,-9.13575
541.0,-9.15828
540.8,-9.15843
540.6,-9.14282
540.4,-9.13697
540.2,-9.09811
540.0,-9.08801
539.8,-9.15113
539.6,-9.22355
539.4,-9.32628
539.2,-9.40144
539.0,-9.48587
538.8,-9.60997
538.6,-9.74339
538.4,-9.85456
538.2,-9.98154
538.0,-10.0717
537.8,-10.1177
537.6,-10.1923
537.4,-10.2758
537.2,-10.3296
537.0,-10.3765
536.8,-10.533
536.6,-10.6732
536.4,-10.8288
536.2,-10.9841
536.0,-11.057
535.8,-11.0809
535.6,-11.0732
535.4,-11.0635
535.2,-11.1309
535.0,-11.1937
534.8,-11.2359
534.6,-11.2609
534.4,-11.3354
534.2,-11.427
534.0,-11.5291
533.8,-11.611
533.6,-11.7256
533.4,-11.7833
533.2,-11.8285
533.0,-11.8275
532.8,-11.7798
532.6,-11.782
532.4,-11.8416
532.2,-11.8589
532.0,-11.9195
531.8,-11.9236
531.6,-11.9265
531.4,-11.9732
531.2,-12.0373
531.0,-12.0849
530.8,-12.1025
530.6,-12.0909
530.4,-12.0817
530.2,-12.0849
530.0,-12.0943
529.8,-12.127
529.6,-12.1754
529.4,-12.2727
529.2,-12.3669
529.0,-12.4372
528.8,-12.5811
528.6,-12.6768
528.4,-12.7554
528.2,-12.8653
528.0,-12.962
527.8,-13.0607
527.6,-13.1013
527.4,-13.1457
527.2,-13.1934
527.0,-13.2748
526.8,-13.3397
526.6,-13.4166
526.4,-13.4926
526.2,-13.5631
526.0,-13.5947
525.8,-13.6154
525.6,-13.6314
525.4,-13.5726
525.2,-13.5446
525.0,-13.5536
524.8,-13.542
524.6,-13.5444
524.4,-13.5373
524.2,-13.5952
524.0,-13.6737
523.8,-13.753
523.6,-13.8168
523.4,-13.8976
523.2,-13.9338
523.0,-13.9471
522.8,-13.9592
522.6,-14.0073
522.4,-14.085400000000002
522.2,-14.1628
522.0,-14.2485
521.8,-14.3539
521.6,-14.4473
521.4,-14.551
521.2,-14.6202
521.0,-14.721100000000002
520.8,-14.8049
520.6,-14.8554
520.4,-14.8812
520.2,-14.9019
520.0,-14.8924
519.8,-14.8801
519.6,-14.871300000000002
519.4,-14.8807
519.2,-14.8635
519.0,-14.842799999999999
518.8,-14.820200000000002
518.6,-14.8225
518.4,-14.8175
518.2,-14.848400000000002
518.0,-14.828
517.8,-14.8172
517.6,-14.778899999999998
517.4,-14.742699999999997
517.2,-14.7183
517.0,-14.719799999999998
516.8,-14.694000000000003
516.6,-14.7032
516.4,-14.7653
516.2,-14.811999999999998
516.0,-14.8212
515.8,-14.884700000000002
515.6,-14.888099999999998
515.4,-14.870599999999998
515.2,-14.8662
515.0,-14.8109
514.8,-14.727200000000002
514.6,-14.709399999999999
514.4,-14.7074
514.2,-14.6944
514.0,-14.6614
513.8,-14.617400000000002
513.6,-14.552599999999998
513.4,-14.487
513.2,-14.391300000000001
513.0,-14.258199999999999
512.8,-14.118299999999998
512.6,-13.9643
512.4,-13.8142
512.2,-13.674
512.0,-13.5394
511.8,-13.4407
511.6,-13.3375
511.4,-13.2242
511.2,-13.0691
511.0,-12.8815
510.8,-12.6981
510.6,-12.4971
510.4,-12.3001
510.2,-12.1279
510.0,-11.9666
509.8,-11.7831
509.6,-11.5999
509.4,-11.4408
509.2,-11.2706
509.0,-11.0413
508.8,-10.8535
508.6,-10.6675
508.4,-10.4117
508.2,-10.1607
508.0,-9.88603
507.8,-9.60985
507.6,-9.35164
507.4,-9.07984
507.2,-8.77583
507.0,-8.43522
506.8,-8.08534
506.6,-7.75436
506.4,-7.44012
506.2,-7.129429999999999
506.0,-6.82461
505.8,-6.49261
505.6,-6.14557
505.4,-5.74538
505.2,-5.29158
505.0,-4.83793
504.8,-4.38565
504.6,-3.89379
504.4,-3.38897
504.2,-2.86835
504.0,-2.33009
503.8,-1.79833
503.6,-1.241
503.4,-0.676692
503.2,-0.0815094
503.0,0.584215
502.8,1.33279
502.6,2.1404
502.4,2.96283
502.2,3.79902
502.0,4.63653
501.8,5.45588
501.6,6.25858
501.4,7.09769
501.2,7.93353
501.0,8.78283
500.8,9.67264
500.6,10.6549
500.4,11.6812
500.2,12.6882
500.0,13.7911
499.8,14.9775
499.6,16.1116
499.4,17.2217
499.2,18.4098
499.0,19.6617
498.8,20.9364
498.6,22.2434
498.4,23.6099
498.2,25.0668
498.0,26.6073
497.8,28.264600000000005
497.6,30.031599999999997
497.4,31.8098
497.2,33.5975
497.0,35.4236
496.8,37.3255
496.6,39.2633
496.4,41.2638
496.2,43.3572
496.0,45.5528
495.8,47.7837
495.6,50.0378
495.4,52.3475
495.2,54.7898
495.0,57.304
494.8,59.84139999999999
494.6,62.4537
494.4,65.0676
494.2,67.7345
494.0,70.5288
493.8,73.3538
493.6,76.2568
493.4,79.1808
493.2,82.1809
493.0,85.2206
492.8,88.3422
492.6,91.5277
492.4,94.7768
492.2,98.0912
492.0,101.557
491.8,105.111
491.6,108.774
491.4,112.52499999999999
491.2,116.361
491.0,120.348
490.8,124.479
490.6,128.78
490.4,133.258
490.2,137.86
490.0,142.573
489.8,147.424
489.6,152.438
489.4,157.563
489.2,162.793
489.0,168.16
488.8,173.704
488.6,179.32
488.4,185.021
488.2,190.876
488.0,196.917
487.8,203.057
487.6,209.278
487.4,215.615
487.2,222.002
487.0,228.499
486.8,235.13099999999997
486.6,241.923
486.4,248.81
486.2,255.774
486.0,262.895
485.8,270.167
485.6,277.493
485.4,284.903
485.2,292.478
485.0,300.134
484.8,307.845
484.6,315.668
484.4,323.6
484.2,331.654
484.0,339.782
483.8,347.988
483.6,356.304
483.4,364.674
483.2,373.13
483.0,381.656
482.8,390.264
482.6,398.937
482.4,407.681
482.2,416.553
482.0,425.517
481.8,434.516
481.6,443.65
481.4,452.92
481.2,462.229
481.0,471.61899999999997
480.8,481.123
480.6,490.742
480.4,500.507
480.2,510.356
480.0,520.399
479.8,530.615
479.6,540.989
479.4,551.458
479.2,562.059
479.0,572.807
478.8,583.716
478.6,594.748
478.4,605.883
478.2,617.119
478.0,628.397
477.8,639.868
477.6,651.454
477.4,663.097
477.2,674.822
477.0,686.617
476.8,698.473
476.6,710.252
476.4,722.13
476.2,734.082
476.0,746.108
475.8,758.118
475.6,770.091
475.4,781.989
475.2,793.824
475.0,805.555
474.8,817.154
474.6,828.64
474.4,839.891
474.2,850.992
474.0,862.017
473.8,872.925
473.6,883.748
473.4,894.502
473.2,905.3130000000001
473.0,916.028
472.8,926.793
472.6,937.6100000000001
472.4,948.5079999999999
472.2,959.51
472.0,970.621
471.8,981.858
471.6,993.2540000000001
471.4,1004.8
471.2,1016.4899999999999
471.0,1028.35
470.8,1040.35
470.6,1052.33
470.4,1064.29
470.2,1076.18
470.0,1087.99
469.8,1099.66
469.6,1111.15
469.4,1122.32
469.2,1133.17
469.0,1143.7
468.8,1153.88
468.6,1163.7
468.4,1173.17
468.2,1182.34
468.0,1191.27
467.8,1199.95
467.6,1208.4
467.4,1216.62
467.2,1224.76
467.0,1232.9
466.8,1241.0
466.6,1249.08
466.4,1257.16
466.2,1265.26
466.0,1273.38
465.8,1281.55
465.6,1289.73
465.4,1297.96
465.2,1306.2
465.0,1314.42
464.8,1322.54
464.6,1330.48
464.4,1338.24
464.2,1345.79
464.0,1353.04
463.8,1359.92
463.6,1366.38
463.4,1372.45
463.2,1378.06
463.0,1383.24
462.8,1388.0
462.6,1392.3
462.4,1396.15
462.2,1399.6
462.0,1402.56
461.8,1405.12
461.6,1407.3
461.4,1409.1
461.2,1410.54
461.0,1411.62
460.8,1412.3
460.6,1412.57
460.4,1412.47
460.2,1412.0
460.0,1411.16
459.8,1409.92
459.6,1408.2
459.4,1405.98
459.2,1403.31
459.0,1400.15
458.8,1396.41
458.6,1392.2
458.4,1387.5
458.2,1382.28
458.0,1376.53
457.8,1370.3
457.6,1363.59
457.4,1356.45
457.2,1348.89
457.0,1340.9
456.8,1332.49
456.6,1323.67
456.4,1314.53
456.2,1305.08
456.0,1295.31
455.8,1285.32
455.6,1275.13
455.4,1264.77
455.2,1254.28
455.0,1243.66
454.8,1232.94
454.6,1222.2
454.4,1211.44
454.2,1200.64
454.0,1189.82
453.8,1179.04
453.6,1168.31
453.4,1157.69
453.2,1147.13
453.0,1136.71
452.8,1126.49
452.6,1116.49
452.4,1106.61
452.2,1096.94
452.0,1087.51
451.8,1078.33
451.6,1069.38
451.4,1060.67
451.2,1052.21
451.0,1043.99
450.8,1036.09
450.6,1028.42
450.4,1021.07
450.2,1014.03
450.0,1007.2899999999998
449.8,1000.89
449.6,994.805
449.4,988.9649999999999
449.2,983.411
449.0,978.1959999999999
448.8,973.2309999999999
448.6,968.575
448.4,964.231
448.2,960.138
448.0,956.352
447.8,952.854
447.6,949.625
447.4,946.6119999999999
447.2,943.9180000000001
447.0,941.459
446.8,939.2710000000001
446.6,937.291
446.4,935.517
446.2,933.9089999999999
446.0,932.575
445.8,931.458
445.6,930.5189999999999
445.4,929.8680000000002
445.2,929.397
445.0,929.039
444.8,928.771
444.6,928.734
444.4,928.997
444.2,929.49
444.0,930.1220000000001
443.8,930.867
443.6,931.7460000000001
443.4,932.74
443.2,933.886
443.0,935.2110000000001
442.8,936.701
442.6,938.355
442.4,940.1590000000001
442.2,942.091
442.0,944.1119999999999
441.8,946.277
441.6,948.567
441.4,951.0460000000002
441.2,953.575
441.0,956.039
440.8,958.619
440.6,961.3289999999998
440.4,964.1890000000001
440.2,967.172
440.0,970.2079999999999
439.8,973.315
439.6,976.506
439.4,979.746
439.2,982.997
439.0,986.269
438.8,989.602
438.6,992.9640000000002
438.4,996.368
438.2,999.806
438.0,1003.34
437.8,1006.92
437.6,1010.61
437.4,1014.2800000000001
437.2,1017.96
437.0,1021.6399999999999
436.8,1025.39
436.6,1029.26
436.4,1033.24
436.2,1037.26
436.0,1041.39
435.8,1045.54
435.6,1049.76
435.4,1054.07
435.2,1058.46
435.0,1062.82
434.8,1067.29
434.6,1071.85
434.4,1076.49
434.2,1081.15
434.0,1085.89
433.8,1090.72
433.6,1095.61
433.4,1100.53
433.2,1105.44
433.0,1110.34
432.8,1115.3
432.6,1120.23
432.4,1125.2
432.2,1130.24
432.0,1135.31
431.8,1140.37
431.6,1145.49
431.4,1150.57
431.2,1155.57
431.0,1160.54
430.8,1165.46
430.6,1170.21
430.4,1174.87
430.2,1179.47
430.0,1183.98
429.8,1188.42
429.6,1192.74
429.4,1196.91
429.2,1200.95
429.0,1204.9
428.8,1208.64
428.6,1212.16
428.4,1215.52
428.2,1218.74
428.0,1221.78
427.8,1224.66
427.6,1227.33
427.4,1229.79
427.2,1232.1
427.0,1234.23
426.8,1236.18
426.6,1237.93
426.4,1239.46
426.2,1240.76
426.0,1241.88
425.8,1242.84
425.6,1243.65
425.4,1244.28
425.2,1244.77
425.0,1245.11
424.8,1245.25
424.6,1245.26
424.4,1245.15
424.2,1244.9
424.0,1244.52
423.8,1244.1
423.6,1243.56
423.4,1242.92
423.2,1242.27
423.0,1241.59
422.8,1240.86
422.6,1240.05
422.4,1239.23
422.2,1238.42
422.0,1237.63
421.8,1236.8
421.6,1235.91
421.4,1235.06
421.2,1234.23
421.0,1233.37
420.8,1232.53
420.6,1231.78
420.4,1231.07
420.2,1230.43
420.0,1229.78
419.8,1229.14
419.6,1228.55
419.4,1228.08
419.2,1227.71
419.0,1227.39
418.8,1227.09
418.6,1226.84
418.4,1226.73
418.2,1226.77
418.0,1226.89
417.8,1227.09
417.6,1227.4
417.4,1227.8
417.2,1228.29
417.0,1228.81
416.8,1229.42
416.6,1230.14
416.4,1230.98
416.2,1231.85
416.0,1232.75
415.8,1233.71
415.6,1234.74
415.4,1235.8
415.2,1236.84
415.0,1237.87
414.8,1238.95
414.6,1240.06
414.4,1241.17
414.2,1242.24
414.0,1243.3
413.8,1244.34
413.6,1245.41
413.4,1246.47
413.2,1247.47
413.0,1248.42
412.8,1249.34
412.6,1250.29
412.4,1251.21
412.2,1252.1
412.0,1252.94
411.8,1253.72
411.6,1254.53
411.4,1255.25
411.2,1255.97
411.0,1256.69
410.8,1257.34
410.6,1257.96
410.4,1258.57
410.2,1259.09
410.0,1259.58
409.8,1260.13
409.6,1260.64
409.4,1261.07
409.2,1261.47
409.0,1261.77
408.8,1262.0
408.6,1262.27
408.4,1262.55
408.2,1262.74
408.0,1262.95
407.8,1263.06
407.6,1263.09
407.4,1263.13
407.2,1263.2
407.0,1263.25
406.8,1263.25
406.6,1263.15
406.4,1262.92
406.2,1262.59
406.0,1262.27
405.8,1261.91
405.6,1261.52
405.4,1261.09
405.2,1260.56
405.0,1259.94
404.8,1259.24
404.6,1258.49
404.4,1257.7
404.2,1256.85
404.0,1255.93
403.8,1254.88
403.6,1253.71
403.4,1252.5
403.2,1251.29
403.0,1250.07
402.8,1248.83
402.6,1247.51
402.4,1246.1
402.2,1244.59
402.0,1243.0
401.8,1241.31
401.6,1239.61
401.4,1237.85
401.2,1235.97
401.0,1233.99
400.8,1231.94
400.6,1229.81
400.4,1227.66
400.2,1225.45
400.0,1223.17
399.8,1220.8
399.6,1218.32
399.4,1215.81
399.2,1213.21
399.0,1210.47
398.8,1207.66
398.6,1204.74
398.4,1201.82
398.2,1198.81
398.0,1195.7
397.8,1192.64
397.6,1189.54
397.4,1186.36
397.2,1183.08
397.0,1179.66
396.8,1176.18
396.6,1172.65
396.4,1169.08
396.2,1165.45
396.0,1161.71
395.8,1157.92
395.6,1154.15
395.4,1150.42
395.2,1146.67
395.0,1142.83
394.8,1138.95
394.6,1134.98
394.4,1130.9
394.2,1126.76
394.0,1122.66
393.8,1118.53
393.6,1114.4
393.4,1110.24
393.2,1106.0
393.0,1101.7
392.8,1097.4
392.6,1093.05
392.4,1088.67
392.2,1084.25
392.0,1079.8
391.8,1075.34
391.6,1070.91
391.4,1066.47
391.2,1062.03
391.0,1057.59
390.8,1053.15
390.6,1048.69
390.4,1044.21
390.2,1039.74
390.0,1035.24
389.8,1030.71
389.6,1026.19
389.4,1021.65
389.2,1017.1400000000001
389.0,1012.5999999999999
388.8,1008.0699999999999
388.6,1003.5000000000001
388.4,998.924
388.2,994.262
388.0,989.573
387.8,984.866
387.6,980.12
387.4,975.371
387.2,970.555
387.0,965.7209999999999
386.8,960.8459999999999
386.6,955.933
386.4,950.966
386.2,945.978
386.0,940.9740000000002
385.8,935.916
385.6,930.872
385.4,925.801
385.2,920.6099999999999
385.0,915.38
384.8,910.1459999999998
384.6,904.8520000000001
384.4,899.515
384.2,894.167
384.0,888.772
383.8,883.368
383.6,877.945
383.4,872.484
383.2,867.044
383.0,861.592
382.8,856.056
382.6,850.508
382.4,844.981
382.2,839.448
382.0,833.855
381.8,828.282
381.6,822.739
381.4,817.136
381.2,811.587
381.0,806.132
380.8,800.716
380.6,795.293
380.4,789.829
380.2,784.383
380.0,779.03
379.8,773.793
379.6,768.577
379.4,763.398
379.2,758.209
379.0,752.992
378.8,747.782
378.6,742.609
378.4,737.521
378.2,732.466
378.0,727.518
377.8,722.612
377.6,717.647
377.4,712.666
377.2,707.729
377.0,702.872
376.8,698.076
376.6,693.278
376.4,688.386
376.2,683.531
376.0,678.767
375.8,674.067
375.6,669.427
375.4,664.756
375.2,660.131
375.0,655.535
374.8,650.938
374.6,646.358
374.4,641.776
374.2,637.198
374.0,632.694
373.8,628.2
373.6,623.711
373.4,619.216
373.2,614.705
373.0,610.254
372.8,605.808
372.6,601.348
372.4,596.924
372.2,592.539
372.0,588.243
371.8,584.044
371.6,579.879
371.4,575.821
371.2,571.81
371.0,567.844
370.8,563.985
370.6,560.188
370.4,556.419
370.2,552.765
370.0,549.212
369.8,545.78
369.6,542.438
369.4,539.246
369.2,536.232
369.0,533.311
368.8,530.495
368.6,527.852
368.4,525.266
368.2,522.818
368.0,520.464
367.8,518.208
367.6,516.157
367.4,514.252
367.2,512.456
367.0,510.794
366.8,509.31
366.6,508.013
366.4,506.898
366.2,505.955
366.0,505.1720000000001
365.8,504.538
365.6,504.13599999999997
365.4,503.94399999999996
365.2,503.94599999999997
365.0,504.187
364.8,504.64899999999994
364.6,505.35599999999994
364.4,506.35900000000004
364.2,507.604
364.0,509.162
363.8,511.049
363.6,513.24
363.4,515.73
363.2,518.509
363.0,521.635
362.8,525.106
362.6,528.899
362.4,533.057
362.2,537.561
362.0,542.448
361.8,547.706
361.6,553.417
361.4,559.564
361.2,566.145
361.0,573.153
360.8,580.589
360.6,588.452
360.4,596.76
360.2,605.526
360.0,614.752
359.8,624.415
359.6,634.534
359.4,645.099
359.2,656.174
359.0,667.712
358.8,679.7
358.6,692.166
358.4,705.084
358.2,718.384
358.0,732.106
357.8,746.226
357.6,760.718
357.4,775.555
357.2,790.717
357.0,806.192
356.8,821.967
356.6,838.006
356.4,854.33
356.2,870.825
356.0,887.494
355.8,904.3609999999999
355.6,921.3690000000001
355.4,938.465
355.2,955.659
355.0,972.891
354.8,990.1579999999999
354.6,1007.3900000000001
354.4,1024.58
354.2,1041.72
354.0,1058.79
353.8,1075.76
353.6,1092.62
353.4,1109.37
353.2,1125.95
353.0,1142.29
352.8,1158.48
352.6,1174.46
352.4,1190.1
352.2,1205.39
352.0,1220.48
351.8,1235.23
351.6,1249.63
351.4,1263.68
351.2,1277.33
351.0,1290.54
350.8,1303.3
350.6,1315.62
350.4,1327.39
350.2,1338.66
350.0,1349.41
349.8,1359.6
349.6,1369.26
349.4,1378.31
349.2,1386.77
349.0,1394.61
348.8,1401.87
348.6,1408.4
348.4,1414.3
348.2,1419.59
348.0,1424.17
347.8,1428.09
347.6,1431.34
347.4,1433.95
347.2,1435.88
347.0,1437.22
346.8,1437.84
346.6,1437.83
346.4,1437.18
346.2,1435.88
346.0,1433.94
345.8,1431.44
345.6,1428.42
345.4,1424.86
345.2,1420.76
345.0,1416.15
344.8,1411.08
344.6,1405.58
344.4,1399.75
344.2,1393.62
344.0,1387.17
343.8,1380.37
343.6,1373.24
343.4,1365.94
343.2,1358.42
343.0,1350.77
342.8,1343.0
342.6,1335.21
342.4,1327.31
342.2,1319.42
342.0,1311.54
341.8,1303.76
341.6,1296.07
341.4,1288.39
341.2,1280.85
341.0,1273.35
340.8,1265.94
340.6,1258.67
340.4,1251.59
340.2,1244.74
340.0,1238.07
339.8,1231.63
339.6,1225.4
339.4,1219.33
339.2,1213.37
339.0,1207.58
338.8,1201.82
338.6,1196.23
338.4,1190.76
338.2,1185.36
338.0,1180.07
337.8,1174.85
337.6,1169.74
337.4,1164.61
337.2,1159.53
337.0,1154.49
336.8,1149.46
336.6,1144.42
336.4,1139.27
336.2,1134.08
336.0,1128.89
335.8,1123.69
335.6,1118.44
335.4,1113.14
335.2,1107.8
335.0,1102.4
334.8,1096.92
334.6,1091.44
334.4,1085.86
334.2,1080.17
334.0,1074.53
333.8,1068.79
333.6,1062.98
333.4,1057.1
333.2,1051.08
333.0,1045.01
332.8,1038.83
332.6,1032.57
332.4,1026.16
332.2,1019.7100000000002
332.0,1013.27
331.8,1006.73
331.6,1000.1099999999999
331.4,993.422
331.2,986.5810000000001
331.0,979.704
330.8,972.814
330.6,965.81
330.4,958.772
330.2,951.664
330.0,944.4460000000001
329.8,937.2179999999998
329.6,929.9829999999998
329.4,922.7519999999998
329.2,915.5780000000001
329.0,908.4649999999999
328.8,901.27
328.6,894.03
328.4,886.841
328.2,879.593
328.0,872.323
327.8,865.109
327.6,857.869
327.4,850.65
327.2,843.519
327.0,836.439
326.8,829.401
326.6,822.435
326.4,815.508
326.2,808.617
326.0,801.781
325.8,794.912
325.6,788.049
325.4,781.282
325.2,774.553
325.0,767.831
324.8,761.219
324.6,754.662
324.4,748.185
324.2,741.799
324.0,735.382
323.8,728.924
323.6,722.361
323.4,715.828
323.2,709.273
323.0,702.69
322.8,696.056
322.6,689.392
322.4,682.687
322.2,675.954
322.0,669.123
321.8,662.261
321.6,655.379
321.4,648.424
321.2,641.438
321.0,634.34
320.8,627.058
320.6,619.692
320.4,612.214
320.2,604.688
320.0,597.121
319.8,589.487
319.6,581.838
319.4,574.107
319.2,566.238
319.0,558.261
318.8,550.187
318.6,542.085
318.4,533.88
318.2,525.538
318.0,517.105
317.8,508.56699999999995
317.6,499.8960000000001
317.4,491.14500000000004
317.2,482.336
317.0,473.50100000000003
316.8,464.62300000000005
316.6,455.5899999999999
316.4,446.506
316.2,437.39
316.0,428.24
315.8,419.032
315.6,409.771
315.4,400.443
315.2,390.978
315.0,381.431
314.8,371.858
314.6,362.238
314.4,352.537
314.2,342.779
314.0,333.037
313.8,323.25
313.6,313.45
313.4,303.671
313.2,293.826
313.0,283.906
312.8,273.825
312.6,263.636
312.4,253.439
312.2,243.32599999999996
312.0,233.244
311.8,223.165
311.6,213.067
311.4,202.935
311.2,192.784
311.0,182.673
310.8,172.657
310.6,162.622
310.4,152.669
310.2,142.641
310.0,132.564
309.8,122.578
309.6,112.645
309.4,102.829
309.2,93.1512
309.0,83.524
308.8,73.9187
308.6,64.3039
308.4,54.8265
308.2,45.4403
308.0,36.0893
307.8,26.8034
307.6,17.5517
307.4,8.39639
307.2,-0.659287
307.0,-9.71669
306.8,-18.6453
306.6,-27.416
306.4,-36.1173
306.2,-44.7052
306.0,-53.2071
305.8,-61.6491
305.6,-69.9996
305.4,-78.2631
305.2,-86.3644
305.0,-94.4177
304.8,-102.407
304.6,-110.245
304.4,-118.03199999999998
304.2,-125.724
304.0,-133.319
303.8,-140.845
303.6,-148.263
303.4,-155.576
303.2,-162.847
303.0,-170.022
302.8,-177.151
302.6,-184.256
302.4,-191.303
302.2,-198.338
302.0,-205.254
301.8,-212.169
301.6,-219.021
301.4,-225.812
301.2,-232.571
301.0,-239.162
300.8,-245.732
300.6,-252.227
300.4,-258.748
300.2,-265.171
300.0,-271.496
299.8,-277.796
299.6,-284.055
299.4,-290.254
299.2,-296.328
299.0,-302.359
298.8,-308.224
298.6,-314.118
298.4,-319.939
298.2,-325.786
298.0,-331.529
297.8,-337.253
297.6,-342.971
297.4,-348.63
297.2,-354.273
297.0,-359.777
296.8,-365.258
296.6,-370.767
296.4,-376.222
296.2,-381.672
296.0,-387.108
295.8,-392.532
295.6,-397.95
295.4,-403.355
295.2,-408.692
295.0,-413.981
294.8,-419.146
294.6,-424.291
294.4,-429.351
294.2,-434.439
294.0,-439.572
293.8,-444.671
293.6,-449.812
293.4,-454.894
293.2,-459.9270000000001
293.0,-464.987
292.8,-470.00000000000006
292.6,-474.982
292.4,-479.92
292.2,-484.79599999999994
292.0,-489.68800000000005
291.8,-494.54
291.6,-499.313
291.4,-504.103
291.2,-508.857
291.0,-513.56
290.8,-518.213
290.6,-522.711
290.4,-527.027
290.2,-531.202
290.0,-535.356
289.8,-539.426
289.6,-543.217
289.4,-546.791
289.2,-550.241
289.0,-553.482
288.8,-556.451
288.6,-559.227
288.4,-561.873
288.2,-564.373
288.0,-566.64
287.8,-568.62
287.6,-570.151
287.4,-571.302
287.2,-572.206
287.0,-572.837
286.8,-572.985
286.6,-572.625
286.4,-571.935
286.2,-570.871
286.0,-569.454
285.8,-567.55
285.6,-565.371
285.4,-562.717
285.2,-559.602
285.0,-556.028
284.8,-552.002
284.6,-547.358
284.4,-542.265
284.2,-536.83
284.0,-530.953
283.8,-524.415
283.6,-517.417
283.4,-510.127
283.2,-502.52899999999994
283.0,-494.53499999999997
282.8,-486.196
282.6,-477.58099999999996
282.4,-468.67199999999997
282.2,-459.33399999999995
282.0,-449.80400000000003
281.8,-439.932
281.6,-429.618
281.4,-418.925
281.2,-408.02
281.0,-396.934
280.8,-385.646
280.6,-374.241
280.4,-362.637
280.2,-351.087
280.0,-339.454
279.8,-327.732
279.6,-316.177
279.4,-304.645
279.2,-293.054
279.0,-281.572
278.8,-270.041
278.6,-258.465
278.4,-247.12000000000003
278.2,-235.90400000000002
278.0,-224.837
277.8,-214.02
277.6,-203.512
277.4,-193.286
277.2,-182.971
277.0,-173.028
276.8,-163.18
276.6,-153.593
276.4,-144.264
276.2,-134.76
276.0,-125.58099999999999
275.8,-116.629
275.6,-107.551
275.4,-98.4767
275.2,-89.7155
275.0,-81.1116
274.8,-72.7079
274.6,-64.7059
274.4,-56.8478
274.2,-49.1048
274.0,-41.4911
273.8,-34.0862
273.6,-26.8687
273.4,-19.9104
273.2,-12.8799
273.0,-5.84534
272.8,1.14411
272.6,8.29819
272.4,15.0911
272.2,21.5609
272.0,27.6348
271.8,34.0171
271.6,40.493
271.4,46.7675
271.2,52.9235
271.0,58.7329
270.8,64.9064
270.6,71.0481
270.4,76.6661
270.2,82.3181
270.0,87.9523
